src_FID,nbr_FID,weight
0,0,1.0
1,1,1.0
2,2,1.0
2,4,0.13655277
2,19,0.10542094
2,41,0.62643474
2,72,0.7928969
2,97,0.5657061
2,102,0.32379842
2,151,0.9921252
2,160,0.13988249
2,191,0.101292424
2,226,0.8556345
2,227,0.8465354
2,313,0.14962988
3,3,1.0
3,37,0.33129197
3,78,0.32850912
3,87,0.99334186
3,116,0.92026293
3,125,0.4493054
3,136,0.6529094
3,193,0.12009296
3,243,0.78192437
3,244,0.78470445
4,2,0.6148081
4,4,1.0
4,19,0.99209106
4,41,0.14838055
4,72,0.24900542
4,97,0.12139255
4,151,0.5388634
4,158,0.95486844
4,170,0.13412093
4,171,0.13277131
4,202,0.6467343
4,204,0.45922524
4,206,0.2955097
4,207,0.171978
4,226,0.30332002
4,227,0.29457328
4,254,0.7996574
5,5,1.0
5,21,0.4190358
5,52,0.17562304
5,66,0.9918698
5,98,0.11682427
5,104,0.51153326
6,4,0.23919003
6,6,1.0
6,19,0.19185354
6,20,0.90504897
6,97,0.43852088
6,102,0.22846235
6,158,0.13668051
6,160,0.39125785
6,191,0.13697907
7,7,1.0
7,74,0.1485504
7,83,0.18348643
8,8,1.0
8,43,0.94481
8,88,0.69700074
9,9,1.0
9,26,0.38897875
9,31,0.85192144
9,55,0.99288124
9,82,0.44463006
9,121,0.82684994
9,131,0.21610133
9,186,0.12188019
9,219,0.9459241
10,10,1.0
10,115,0.9963839
11,11,1.0
11,48,0.30644065
11,60,0.73687047
11,91,0.9983905
11,113,0.79093176
11,173,0.21403927
11,252,0.39421538
12,12,1.0
12,74,0.7442022
12,83,0.80568624
13,13,1.0
13,153,0.9064345
13,154,0.8535948
13,202,0.400415
13,204,0.58288205
13,206,0.76883274
13,207,0.9193079
13,209,0.98258185
13,319,0.9612826
14,14,1.0
14,45,0.64704096
14,80,0.11654084
14,93,0.5664846
14,251,0.35025528
15,15,1.0
15,33,0.21874233
15,81,0.9671842
15,85,0.40476397
15,114,0.5467389
15,123,0.15891413
15,144,0.78551507
15,240,0.5029683
16,10,0.17119767
16,16,1.0
16,46,0.38943824
16,50,0.9956003
16,115,0.14542468
17,17,1.0
17,23,0.23953798
17,49,0.8490665
17,120,0.80475456
17,138,0.20591009
17,320,0.124927185
18,18,1.0
18,24,0.46510205
18,56,0.89626336
18,126,0.93964314
18,175,0.31777057
18,176,0.14834659
18,215,0.81841654
19,2,0.6905352
19,4,0.40531704
19,19,1.0
19,41,0.1882279
19,72,0.30469447
19,97,0.15593429
19,151,0.6149028
19,158,0.98426014
19,170,0.17122284
19,171,0.16960737
19,191,0.10665824
19,202,0.72159135
19,204,0.53301764
19,206,0.3568073
19,207,0.21605703
19,226,0.36546475
19,227,0.35576752
19,254,0.8629727
20,4,0.4606583
20,19,0.39083922
20,20,1.0
20,97,0.42925626
20,102,0.2220363
20,158,0.30143833
20,160,0.6528152
20,190,0.104767345
20,191,0.20076388
20,254,0.16031168
21,21,1.0
21,52,0.8614321
21,67,0.20770286
21,69,0.43378007
21,94,0.14958431
21,98,0.75296986
21,112,0.31677523
22,22,1.0
22,75,0.27599144
22,287,0.38981444
22,299,0.19596948
22,300,0.10569201
22,305,0.13019514
22,309,0.4108234
23,14,0.45395446
23,23,1.0
23,30,0.65945053
23,64,0.8052516
23,138,0.9962028
24,24,1.0
24,175,0.962404
24,176,0.7730035
24,212,0.58669186
25,25,1.0
25,107,0.99555635
25,187,0.762604
25,188,0.54918075
25,189,0.13449943
25,220,0.93772566
25,222,0.80723596
25,247,0.24997988
26,2,0.2544442
26,4,0.10175049
26,18,0.17162524
26,26,1.0
26,31,0.7214547
26,56,0.37036285
26,68,0.33983436
26,82,0.99491066
26,121,0.7505518
26,126,0.31279308
26,151,0.20506756
26,217,0.50414336
27,27,1.0
27,156,0.8389484
27,291,0.9876668
28,3,0.6952649
28,28,1.0
28,42,0.7798218
28,59,0.777024
28,65,0.9999867
28,87,0.62586665
28,116,0.45203933
28,125,0.106270924
28,136,0.20661156
28,152,0.99267113
28,161,0.99202746
28,162,0.88025963
28,163,0.88252604
28,242,0.9327805
28,243,0.29898235
28,244,0.3013471
28,256,0.9346581
29,29,1.0
29,71,0.97034836
29,129,0.40665856
29,143,0.81040555
29,239,0.48988712
29,286,0.29159573
29,290,0.25156033
29,296,0.11614491
29,298,0.35037416
30,14,0.94234794
30,30,1.0
30,45,0.4422884
30,93,0.36989403
30,251,0.20048296
31,26,0.7214547
31,31,1.0
31,82,0.778833
31,121,0.99872524
31,217,0.14126396
32,32,1.0
32,85,0.66642433
32,114,0.5179987
32,144,0.3003453
33,7,0.10654369
33,33,1.0
33,62,0.4050617
33,94,0.49655303
33,96,0.48639306
33,101,0.1477136
33,106,0.37091365
33,108,0.9104465
33,123,0.98463464
33,127,0.80550003
33,228,0.43900487
33,238,0.21478894
34,34,1.0
34,128,0.3837543
34,141,0.28175384
34,145,0.16212843
34,235,0.15257902
34,236,0.2569681
34,237,0.9936039
34,312,0.4636865
35,29,0.27824605
35,35,1.0
35,71,0.39975923
35,129,0.96726227
35,143,0.6361559
36,25,0.16482656
36,36,1.0
36,40,0.424665
36,54,0.68586385
36,107,0.13717118
36,186,0.50048226
36,218,0.29299256
36,246,0.72661424
37,37,1.0
37,78,0.99998397
37,193,0.8487438
37,314,0.5085047
37,315,0.17319117
37,316,0.10901412
37,317,0.17481825
37,318,0.11015739
38,38,1.0
38,134,0.14309599
38,200,0.82329226
38,201,0.34500435
38,203,0.44451952
38,205,0.62984216
38,208,0.9457391
38,210,0.9659435
38,254,0.104836956
39,39,1.0
40,9,0.23410515
40,25,0.83956945
40,40,1.0
40,55,0.18960212
40,107,0.79046607
40,186,0.99129575
40,187,0.4145984
40,188,0.24156833
40,218,0.967233
40,219,0.3908811
40,220,0.6371958
40,222,0.46056873
41,41,1.0
41,97,0.99496937
41,99,0.23058514
41,102,0.8667411
41,149,0.24580723
41,164,0.45591724
41,313,0.6173426
42,3,0.9891974
42,37,0.26327127
42,42,1.0
42,59,0.9999871
42,78,0.26084208
42,87,0.96603286
42,116,0.8572735
42,125,0.36889613
42,136,0.5637251
42,243,0.69755596
42,244,0.7005599
43,43,1.0
43,88,0.8766961
43,184,0.115150236
43,185,0.11389295
44,5,0.8325929
44,12,0.70719606
44,21,0.15704107
44,44,1.0
44,66,0.7644006
44,74,0.27767262
44,83,0.32977417
44,95,0.7273399
44,104,0.21134947
45,45,1.0
45,80,0.5213433
45,93,0.99105865
45,146,0.4408328
45,248,0.10563079
45,251,0.87516385
46,10,0.8794771
46,46,1.0
46,115,0.83939487
47,47,1.0
47,255,0.99950325
48,48,1.0
48,60,0.75112915
48,128,0.36235207
48,141,0.23679563
48,145,0.13178396
48,147,0.79262257
48,235,0.12360867
48,236,0.21467116
48,311,0.5694817
49,17,0.8490665
49,23,0.53495705
49,30,0.12766702
49,49,1.0
49,64,0.20631078
49,120,0.99621636
49,138,0.4833848
49,320,0.34065416
50,10,0.20326199
50,46,0.44098708
50,50,1.0
50,115,0.17404146
51,9,0.1986495
51,51,1.0
51,55,0.15909283
51,84,0.5120192
51,109,0.48614213
51,122,0.8426235
51,219,0.34223795
51,221,0.7411588
51,223,0.94591177
52,21,0.8614321
52,52,1.0
52,67,0.47120792
52,69,0.75697213
52,94,0.373694
52,98,0.9787802
52,112,0.62468314
52,238,0.14257859
53,4,0.1752906
53,19,0.1375561
53,41,0.86969805
53,53,1.0
53,97,0.82069874
53,102,0.5683487
53,160,0.30332002
53,164,0.20454037
53,313,0.31961566
54,9,0.10059996
54,25,0.5880647
54,36,0.68586385
54,40,0.90759283
54,54,1.0
54,107,0.5311964
54,186,0.9536249
54,187,0.21024516
54,188,0.104654424
54,218,0.7835295
54,219,0.19445324
54,220,0.3813926
54,222,0.24209355
54,246,0.9976071
55,9,0.99288124
55,26,0.45515856
55,31,0.90508056
55,40,0.118746534
55,55,1.0
55,82,0.5140337
55,121,0.8837643
55,131,0.26449957
55,186,0.15464644
55,219,0.9024921
56,18,0.89626336
56,24,0.23360682
56,56,1.0
56,126,0.99339116
56,175,0.14020795
56,215,0.54542494
57,57,1.0
57,90,0.7822671
57,111,0.94166106
57,132,0.2258043
57,137,0.9000199
57,174,0.9983905
57,177,0.9264697
57,211,0.7828451
57,213,0.949634
57,214,0.64099914
57,253,0.120199256
58,58,1.0
58,70,0.34096667
59,3,0.9899198
59,37,0.26546118
59,42,0.9999871
59,59,1.0
59,78,0.26301932
59,87,0.96730125
59,116,0.8596819
59,125,0.37154645
59,136,0.5667677
59,243,0.7005368
59,244,0.7035356
60,48,0.75112915
60,60,1.0
60,147,0.35542792
60,311,0.1916629
61,51,0.759022
61,61,1.0
61,76,0.88374716
61,84,0.1650835
61,103,0.7903814
61,109,0.15171397
61,122,0.41414717
61,221,0.3173948
61,223,0.56047267
61,249,0.97866917
62,34,0.5592006
62,50,0.36518124
62,62,1.0
62,237,0.49194592
63,63,1.0
63,150,0.40682906
63,165,0.31039518
63,166,0.2869859
63,167,0.11743072
63,191,0.19102404
63,230,0.12509647
64,14,0.8359672
64,23,0.8052516
64,30,0.96817255
64,45,0.30959824
64,64,1.0
64,93,0.2503215
64,138,0.8495974
64,251,0.123115756
65,3,0.69220585
65,28,0.9999867
65,42,0.7769808
65,59,0.7741728
65,65,1.0
65,87,0.62274194
65,116,0.4491056
65,125,0.10510685
65,136,0.20472553
65,152,0.9920373
65,161,0.9913622
65,162,0.87795854
65,163,0.8802422
65,242,0.93097556
65,243,0.29659232
65,244,0.2989461
65,256,0.93287563
66,21,0.49036723
66,52,0.220056
66,66,1.0
66,98,0.15021174
66,104,0.5882777
67,35,0.25213215
67,67,1.0
67,94,0.98454654
67,129,0.15936705
67,238,0.7564645
68,2,0.98291844
68,4,0.79949033
68,19,0.7292429
68,41,0.51461285
68,68,1.0
68,72,0.68684083
68,97,0.45616284
68,102,0.24086913
68,151,0.9527139
68,158,0.6231681
68,170,0.48454636
68,171,0.48160988
68,190,0.16370453
68,191,0.29141694
68,202,0.27703065
68,204,0.15946254
68,226,0.7582731
68,227,0.74759346
68,254,0.40892023
68,313,0.1024491
69,35,0.10103861
69,67,0.89064765
69,69,1.0
69,94,0.8055414
69,112,0.97526044
69,238,0.47032753
70,70,1.0
70,172,0.26275074
71,29,0.97034836
71,71,1.0
71,129,0.54840577
71,143,0.9219841
71,239,0.35456982
71,286,0.19249435
71,290,0.16238229
71,298,0.23830603
72,4,0.2675266
72,19,0.2164118
72,41,0.9598779
72,72,1.0
72,97,0.92806035
72,99,0.13562903
72,102,0.71403366
72,149,0.14615111
72,158,0.15604004
72,160,0.42820996
72,164,0.3058334
72,191,0.1632791
72,313,0.44748628
73,16,0.20280881
73,50,0.17084616
73,58,0.12595558
73,73,1.0
73,99,0.48650712
73,102,0.999753
73,149,0.5087126
73,164,0.7600563
73,237,0.11430153
73,313,0.89559066
74,5,0.10624457
74,47,0.24144113
74,74,1.0
74,83,0.9938262
74,155,0.3145469
74,159,0.32105064
74,255,0.22884598
75,75,1.0
75,195,0.35381222
75,299,0.97990566
75,300,0.8753227
75,302,0.790339
75,303,0.51123255
75,304,0.2474838
75,305,0.9173682
75,307,0.14384697
76,9,0.12439054
76,51,0.97032976
76,61,0.88374716
76,76,1.0
76,84,0.37484187
76,103,0.98233634
76,109,0.35208115
76,122,0.70823056
76,219,0.23244156
76,221,0.59571296
76,223,0.84571373
76,249,0.958961
77,77,1.0
78,37,0.99998397
78,78,1.0
78,193,0.85150677
78,314,0.51188034
78,315,0.17503516
78,316,0.11032016
78,317,0.17668743
78,318,0.111473985
79,17,0.96799916
79,23,0.15125413
79,49,0.71032035
79,79,1.0
79,120,0.6584632
79,138,0.12718202
80,80,1.0
80,146,0.9904414
80,300,0.1262764
80,305,0.15421504
81,33,0.33117652
81,81,1.0
81,108,0.15879512
81,123,0.25162566
81,127,0.100650534
81,240,0.6576165
82,2,0.2141861
82,18,0.14125307
82,26,0.99491066
82,31,0.778833
82,56,0.31957796
82,68,0.2914706
82,82,1.0
82,121,0.8061206
82,126,0.26678056
82,151,0.17043248
82,217,0.4456256
83,47,0.1989007
83,74,0.9938262
83,83,1.0
83,155,0.26391026
83,159,0.26977262
83,255,0.18785188
84,9,0.81396633
84,26,0.13147335
84,31,0.48304334
84,55,0.7485063
84,82,0.16032365
84,84,1.0
84,109,0.99903136
84,121,0.4539099
84,219,0.9536364
85,15,0.40476397
85,32,0.66642433
85,81,0.27658007
85,85,1.0
85,114,0.9701807
85,144,0.8095223
86,34,0.12685944
86,62,0.63431203
86,86,1.0
86,100,0.976789
86,228,0.67120475
86,237,0.1002047
87,37,0.39029527
87,78,0.38724744
87,87,1.0
87,116,0.95825326
87,125,0.51605
87,136,0.7210675
87,193,0.15107045
87,243,0.8418523
87,244,0.8443537
88,88,1.0
88,136,0.16185077
88,243,0.24120268
88,244,0.24327417
89,89,1.0
89,110,0.53643
89,130,0.4407005
89,150,0.973913
89,165,0.91620374
89,166,0.8959355
89,168,0.37215945
89,181,0.16164574
89,230,0.65031797
89,321,0.139536
89,322,0.28911626
89,323,0.17778215
90,57,0.7822671
90,90,1.0
90,111,0.57772654
90,118,0.15622808
90,124,0.10540347
90,132,0.591758
90,137,0.9711889
90,174,0.8127001
90,177,0.5511072
90,211,0.37502652
90,213,0.5930131
90,214,0.9710695
90,216,0.28633094
90,253,0.3978792
91,11,0.9983905
91,48,0.28038955
91,60,0.7037891
91,91,1.0
91,113,0.82094055
91,173,0.23607416
91,252,0.42527303
92,92,1.0
93,80,0.6013747
93,93,1.0
93,146,0.5179291
93,221,0.1024491
93,248,0.13875878
93,251,0.929483
94,35,0.33252436
94,94,1.0
94,129,0.2198915
94,238,0.84954053
95,74,0.70025975
95,83,0.7645101
95,95,1.0
96,7,0.65531075
96,96,1.0
96,101,0.7519279
96,106,0.9786374
96,108,0.7449394
96,127,0.862991
97,97,1.0
97,99,0.27230453
97,102,0.90981394
97,149,0.28920525
97,160,0.12314532
97,164,0.5142422
97,313,0.67765856
98,21,0.75296986
98,52,0.9787802
98,67,0.59462357
98,69,0.8647436
98,94,0.48911
98,98,1.0
98,112,0.7474598
98,238,0.21002765
99,58,0.704987
99,99,1.0
99,149,0.99928826
100,34,0.19241239
100,62,0.76181406
100,100,1.0
100,228,0.7955085
100,237,0.1557465
101,7,0.9865996
101,74,0.10694945
101,83,0.13448891
101,96,0.7519279
101,101,1.0
101,106,0.86088026
101,108,0.31376255
101,127,0.43067467
102,16,0.21079676
102,50,0.17792419
102,58,0.13161817
102,99,0.49926347
102,102,1.0
102,149,0.52159905
102,164,0.7722014
102,237,0.11957224
102,313,0.90457475
103,9,0.17966075
103,51,0.9983971
103,55,0.14294173
103,61,0.7903814
103,76,0.98233634
103,84,0.47970077
103,103,1.0
103,109,0.4543334
103,122,0.8138235
103,219,0.31523877
103,221,0.7091724
103,223,0.92670995
103,249,0.8919338
104,21,0.9866818
104,52,0.7772395
104,66,0.5882777
104,67,0.15418003
104,69,0.3478615
104,94,0.107933454
104,98,0.6567226
104,104,1.0
104,112,0.24505189
105,36,0.9043055
105,40,0.21442124
105,54,0.42013747
105,105,1.0
105,124,0.94928765
105,186,0.26805308
105,218,0.1318461
105,246,0.45913568
106,7,0.7763337
106,96,0.9786374
106,101,0.86088026
106,106,1.0
106,108,0.62155807
106,127,0.7544533
107,25,0.99555635
107,107,1.0
107,187,0.81386435
107,188,0.606279
107,189,0.16176632
107,220,0.9656948
107,222,0.8548498
107,224,0.11353172
107,247,0.29122034
108,7,0.24107556
108,96,0.7449394
108,101,0.31376255
108,106,0.62155807
108,108,1.0
108,127,0.9751067
109,9,0.83647513
109,26,0.14352638
109,31,0.5088974
109,55,0.7732635
109,82,0.17424498
109,84,0.99903136
109,109,1.0
109,121,0.47926924
109,219,0.9657147
110,110,1.0
110,130,0.9866313
110,142,0.19338302
110,168,0.9587438
110,181,0.7299671
110,257,0.1783248
110,321,0.68553805
110,322,0.8997454
110,323,0.75884587
110,324,0.34455228
111,57,0.94166106
111,90,0.57772654
111,111,1.0
111,132,0.116909385
111,137,0.7228204
111,174,0.92182434
111,177,0.99902797
111,211,0.9395913
111,213,0.99968165
111,214,0.43524846
112,35,0.15912858
112,67,0.9674083
112,69,0.97526044
112,94,0.9101999
112,112,1.0
112,238,0.6038387
113,11,0.79093176
113,60,0.34125978
113,91,0.82094055
113,113,1.0
113,173,0.5635365
113,252,0.79384583
114,15,0.5467389
114,32,0.5179987
114,81,0.39811137
114,85,0.9701807
114,114,1.0
114,144,0.9216208
115,115,1.0
116,37,0.55828214
116,78,0.55486935
116,87,0.95825326
116,116,1.0
116,125,0.6919275
116,136,0.87504023
116,193,0.25541556
116,243,0.9575068
116,244,0.95892847
117,5,0.66318595
117,12,0.5260901
117,47,0.8934624
117,66,0.5859108
117,74,0.16391143
117,83,0.20129842
117,95,0.5466921
117,104,0.11880402
117,117,1.0
117,155,0.9605832
117,159,0.9641843
117,255,0.87977296
118,36,0.6274524
118,54,0.18607302
118,105,0.8744392
118,118,1.0
118,124,0.9810914
118,186,0.10136019
118,216,0.9421194
118,246,0.2107387
119,75,0.8116154
119,119,1.0
119,195,0.11330063
119,299,0.6986194
119,300,0.5093827
119,302,0.4121301
119,303,0.19652282
119,305,0.5696941
119,309,0.9319627
120,17,0.80475456
120,23,0.5874492
120,30,0.15176003
120,49,0.99621636
120,64,0.23991776
120,120,1.0
120,138,0.5348635
120,274,0.10642922
120,320,0.38562378
121,26,0.7505518
121,31,0.99872524
121,82,0.8061206
121,121,1.0
121,217,0.15591083
122,9,0.47938278
122,31,0.20606743
122,51,0.8426235
122,55,0.41174433
122,84,0.8491803
122,109,0.82726806
122,121,0.18813391
122,122,1.0
122,219,0.67943263
122,221,0.9823436
122,223,0.96881396
122,248,0.10241496
123,7,0.152198
123,96,0.5915212
123,101,0.20513883
123,106,0.46784744
123,108,0.9674278
123,123,1.0
123,127,0.8903796
124,36,0.74279344
124,40,0.11555295
124,54,0.26077518
124,105,0.94928765
124,124,1.0
124,186,0.15076095
124,246,0.29141694
125,37,0.97559196
125,78,0.9743486
125,125,1.0
125,193,0.72917503
125,314,0.38319433
125,315,0.111483134
125,317,0.11265546
126,18,0.93964314
126,24,0.2824201
126,56,0.99339116
126,126,1.0
126,175,0.17499684
126,215,0.6150687
127,7,0.34331563
127,96,0.862991
127,101,0.43067467
127,106,0.7544533
127,108,0.9751067
127,127,1.0
128,20,0.6429353
128,97,0.20613895
128,128,1.0
128,160,0.17628933
129,29,0.40665856
129,71,0.54840577
129,129,1.0
129,143,0.78647393
130,110,0.9866313
130,130,1.0
130,142,0.25688532
130,168,0.9920666
130,181,0.82033587
130,257,0.23860575
130,321,0.7800366
130,322,0.9572529
130,323,0.845752
130,324,0.43194202
131,131,1.0
132,36,0.1741941
132,105,0.36382592
132,118,0.6639842
132,124,0.5464339
132,132,1.0
132,216,0.8550555
132,253,0.94597334
133,17,0.3263302
133,45,0.32751426
133,49,0.117706284
133,79,0.4623846
133,93,0.26612037
133,133,1.0
133,135,0.66668236
133,250,0.85951567
133,251,0.13277131
134,2,0.895015
134,4,0.63419384
134,19,0.5580938
134,41,0.35556778
134,72,0.51493734
134,97,0.30631182
134,102,0.14288668
134,134,1.0
134,151,0.83696306
134,158,0.45330834
134,170,0.32996607
134,171,0.32749513
134,191,0.17873912
134,201,0.8766961
134,202,0.16837497
134,226,0.58877486
134,227,0.5773719
134,254,0.9883147
135,17,0.8371191
135,49,0.5053423
135,79,0.94325805
135,120,0.45473477
135,135,1.0
136,37,0.8532757
136,78,0.85052484
136,125,0.9432455
136,136,1.0
136,193,0.5246464
136,314,0.22543924
137,57,0.9000199
137,90,0.9711889
137,111,0.7228204
137,132,0.44861737
137,137,1.0
137,174,0.92228866
137,177,0.69690824
137,211,0.51102436
137,213,0.73743266
137,214,0.88942254
137,216,0.18971017
137,253,0.27828076
138,14,0.5046275
138,23,0.9962028
138,30,0.7113757
138,45,0.10972419
138,64,0.8495974
138,138,1.0
139,3,0.41655615
139,28,0.8948832
139,42,0.50078136
139,59,0.49781588
139,65,0.897065
139,87,0.3551284
139,116,0.22354445
139,139,1.0
139,140,0.99999607
139,152,0.8389678
139,161,0.8365923
139,162,0.6211555
139,163,0.624257
139,241,0.9605726
139,242,0.7004214
139,243,0.12875317
139,244,0.13008223
139,245,0.96022063
139,256,0.7036278
140,3,0.41500682
140,28,0.8936942
140,42,0.49912563
140,59,0.49614
140,65,0.8958698
140,87,0.3536927
140,116,0.22245795
140,139,0.99999607
140,140,1.0
140,152,0.8375674
140,161,0.835165
140,162,0.6194268
140,163,0.62255245
140,241,0.9598028
140,242,0.6987581
140,243,0.12802154
140,244,0.12934484
140,245,0.9594476
140,256,0.7019446
141,141,1.0
141,142,0.11613549
141,145,0.9513379
141,169,0.31411725
141,182,0.59422094
141,191,0.12989755
141,193,0.17594315
141,196,0.63996005
141,229,0.13597888
141,231,0.17930984
141,232,0.3022961
141,233,0.44164854
141,234,0.5903847
141,235,0.9414313
141,236,0.9983861
141,257,0.1058584
141,324,0.2269933
142,16,0.28359696
142,50,0.24337003
142,58,0.16820121
142,99,0.5744413
142,142,1.0
142,149,0.59730005
142,237,0.16953245
142,257,0.9990245
142,310,0.8635396
142,324,0.9396043
143,29,0.81040555
143,71,0.9219841
143,129,0.78647393
143,143,1.0
143,239,0.18297216
143,298,0.11101861
144,15,0.78551507
144,32,0.3003453
144,81,0.63490313
144,85,0.8095223
144,114,0.9216208
144,144,1.0
144,240,0.17494582
145,88,0.17971277
145,141,0.9513379
145,142,0.21279384
145,145,1.0
145,167,0.10164005
145,169,0.48327094
145,182,0.78027284
145,190,0.12567544
145,191,0.23393376
145,193,0.30160245
145,196,0.82051736
145,229,0.24313033
145,231,0.30638543
145,232,0.46874875
145,233,0.6292034
145,234,0.77678674
145,235,0.999502
145,236,0.9670083
145,257,0.19668901
145,314,0.10158908
145,324,0.3720368
146,80,0.9904414
146,146,1.0
146,300,0.16580677
146,302,0.11841174
146,305,0.19966972
147,20,0.24241225
147,128,0.7583172
147,141,0.59658945
147,145,0.41170144
147,147,1.0
147,182,0.12604573
147,196,0.14655462
147,234,0.12444017
147,235,0.3945516
147,236,0.5621929
147,311,0.9303001
148,110,0.22386204
148,130,0.16628614
148,148,1.0
148,150,0.7003752
148,165,0.5868575
148,166,0.5563753
148,168,0.12998982
148,230,0.30467612
148,265,0.9160689
148,266,0.962871
148,267,0.95802337
148,269,0.5083892
148,270,0.46068075
148,271,0.25455928
148,272,0.16842465
149,58,0.6825807
149,99,0.99928826
149,149,1.0
150,110,0.6749949
150,130,0.5758119
150,150,1.0
150,165,0.9823146
150,166,0.9717641
150,168,0.50050527
150,181,0.2439939
150,230,0.7836791
150,321,0.21430364
150,322,0.40423247
150,323,0.26525852
151,4,0.17393981
151,19,0.13642506
151,41,0.70157546
151,72,0.85677135
151,97,0.6415659
151,102,0.38772687
151,151,1.0
151,160,0.17792419
151,164,0.11139195
151,191,0.13139053
151,226,0.9104465
151,227,0.90289104
151,313,0.18950753
152,3,0.7653632
152,28,0.99267113
152,42,0.8432394
152,59,0.84075105
152,65,0.9920373
152,87,0.69868875
152,116,0.5228315
152,125,0.13638255
152,136,0.2543948
152,152,1.0
152,161,0.9999863
152,162,0.92901015
152,163,0.93082416
152,242,0.9688044
152,243,0.35834983
152,244,0.36096177
152,256,0.9701154
153,153,1.0
153,154,0.99289054
153,319,0.98692685
154,153,0.99289054
154,154,1.0
154,319,0.9611031
155,5,0.6400781
155,12,0.5033599
155,47,0.8767137
155,66,0.5627349
155,74,0.15227872
155,83,0.18781164
155,95,0.52378523
155,104,0.10968817
155,155,1.0
155,159,0.9999087
155,255,0.8622399
156,156,1.0
157,156,0.8623132
157,157,1.0
157,183,0.9714452
157,224,0.94508326
158,13,0.13970919
158,158,1.0
158,202,0.81942755
158,204,0.63981825
158,206,0.4527293
158,207,0.28981072
159,5,0.6319001
159,12,0.49540585
159,47,0.87057656
159,66,0.55458707
159,74,0.14832391
159,83,0.18320946
159,95,0.5157486
159,104,0.10661416
159,155,0.9999087
159,159,1.0
159,255,0.8558398
160,2,0.4250558
160,4,0.94946694
160,19,0.9046222
160,72,0.13827464
160,151,0.35778853
160,158,0.82224834
160,160,1.0
160,202,0.45477933
160,204,0.29189983
160,206,0.16979462
160,226,0.17522673
160,227,0.16914599
160,254,0.6123444
161,3,0.7682881
161,42,0.84579027
161,59,0.8433164
161,87,0.70176005
161,116,0.525927
161,125,0.13780242
161,136,0.2565877
161,161,1.0
161,162,0.9308517
161,163,0.93265814
161,242,0.97005934
161,243,0.36104232
161,244,0.3636642
161,256,0.97134465
162,3,0.94107306
162,37,0.18574002
162,42,0.9799596
162,59,0.9789541
162,78,0.18381664
162,87,0.8979129
162,116,0.7513733
162,125,0.27211583
162,136,0.4453822
162,162,1.0
162,163,0.9999867
162,242,0.99132645
162,243,0.57628465
162,244,0.5793815
162,256,0.9906016
163,3,0.9393709
163,37,0.1839885
163,42,0.9789383
163,59,0.97790045
163,78,0.18207793
163,87,0.8957713
163,116,0.74843955
163,125,0.26985785
163,136,0.44248703
163,162,0.9999867
163,163,1.0
163,242,0.9919833
163,243,0.5731892
163,244,0.576261
163,256,0.9912906
164,16,0.5786249
164,50,0.5223663
164,164,1.0
164,237,0.40612596
165,110,0.7836364
165,130,0.6894438
165,165,1.0
165,166,0.99872917
165,167,0.10359885
165,168,0.61367095
165,181,0.328873
165,191,0.12772773
165,230,0.87808096
165,321,0.29299256
165,322,0.5116953
165,323,0.35415098
166,110,0.81067234
166,130,0.71917546
166,165,0.99872917
166,166,1.0
166,167,0.11518766
166,168,0.6441862
166,181,0.35411114
166,191,0.14130768
166,230,0.89981
166,321,0.31668144
166,322,0.54174405
166,323,0.38035896
166,324,0.10856657
167,110,0.14429009
167,130,0.10307427
167,148,0.9720722
167,150,0.55717564
167,165,0.44642273
167,166,0.41821572
167,167,1.0
167,230,0.2053529
167,265,0.8062446
167,266,0.8768542
167,267,0.86876327
167,269,0.3749239
167,270,0.3331994
167,271,0.16705029
167,272,0.10457623
168,142,0.3136693
168,168,1.0
168,181,0.88100547
168,257,0.2929746
168,310,0.11910127
168,321,0.84571373
168,322,0.98571205
168,323,0.90252405
168,324,0.5044892
169,148,0.50435084
169,150,0.13170105
169,167,0.6473239
169,169,1.0
169,229,0.89286536
169,231,0.9462563
169,232,0.99968755
169,265,0.28328052
169,266,0.35222027
169,267,0.34321755
170,2,0.12843777
170,131,0.12108121
170,170,1.0
170,171,0.9999873
170,205,0.10002849
170,254,0.23244156
171,2,0.12975411
171,131,0.12234
171,170,0.9999873
171,171,1.0
171,205,0.101114765
171,254,0.23443262
172,70,0.26275074
172,172,1.0
173,11,0.21403927
173,91,0.23607416
173,113,0.5635365
173,173,1.0
173,252,0.92622906
174,57,0.9983905
174,90,0.8127001
174,111,0.92182434
174,132,0.24863267
174,137,0.92228866
174,174,1.0
174,177,0.90468544
174,211,0.7511513
174,213,0.9309618
174,214,0.6751585
174,253,0.13487865
175,24,0.962404
175,175,1.0
175,176,0.9074366
175,212,0.75150645
176,111,0.11293164
176,176,1.0
176,177,0.123707436
176,211,0.2217957
176,212,0.9515607
176,213,0.10709971
177,57,0.9264697
177,90,0.5511072
177,111,0.99902797
177,132,0.10659657
177,137,0.69690824
177,174,0.90468544
177,177,1.0
177,211,0.9534066
177,213,0.997599
177,214,0.41078058
178,51,0.168897
178,61,0.5189737
178,76,0.25952443
178,103,0.18696767
178,178,1.0
178,179,0.8796164
178,225,0.71256775
178,249,0.40037274
179,51,0.38618544
179,61,0.815413
179,76,0.52453
179,103,0.4158242
179,122,0.14514597
179,178,0.8796164
179,179,1.0
179,223,0.23058514
179,225,0.9510793
179,249,0.6988737
180,75,0.5378336
180,119,0.8963617
180,180,1.0
180,299,0.42145678
180,300,0.26525852
180,302,0.19821727
180,305,0.31098896
180,309,0.70095235
181,99,0.117013566
181,142,0.594363
181,149,0.12643704
181,181,1.0
181,257,0.5676171
181,310,0.29608676
181,321,0.99715024
181,323,0.99872524
181,324,0.80051327
182,148,0.24722536
182,167,0.35744792
182,169,0.8815939
182,182,1.0
182,196,0.99715614
182,229,0.6199715
182,231,0.70613796
182,232,0.8703258
182,233,0.9670963
182,234,0.9999802
182,265,0.11257274
182,266,0.15042892
182,267,0.14527972
183,156,0.95495903
183,157,0.9714452
183,183,1.0
183,224,0.8467453
184,5,0.51155645
184,12,0.38327727
184,66,0.4376634
184,83,0.12431124
184,95,0.40174928
184,184,1.0
184,185,0.9999863
185,5,0.51465917
185,12,0.3860606
185,66,0.44061238
185,83,0.12564538
185,95,0.4046151
185,184,0.9999863
185,185,1.0
186,9,0.18524791
186,25,0.7696598
186,40,0.99129575
186,55,0.14767976
186,107,0.7156582
186,186,1.0
186,187,0.3448471
186,188,0.19162206
186,218,0.92665344
186,219,0.32326677
186,220,0.5571521
186,222,0.38726825
187,84,0.10806699
187,157,0.20422742
187,183,0.12918143
187,187,1.0
187,188,0.93772566
187,189,0.4469765
187,220,0.9311817
187,221,0.22530249
187,222,0.99666005
187,224,0.3513462
187,247,0.64822
187,248,0.28735802
188,80,0.16313346
188,84,0.21592404
188,109,0.19971178
188,146,0.124093205
188,156,0.14475651
188,157,0.36289683
188,183,0.25024018
188,187,0.93772566
188,188,1.0
188,189,0.6606962
188,219,0.120237865
188,220,0.762604
188,221,0.3923893
188,222,0.9075772
188,224,0.55343455
188,247,0.84881973
188,248,0.47473487
189,156,0.57281125
189,157,0.87650275
189,183,0.7524823
189,189,1.0
189,224,0.9843969
190,8,0.915934
190,43,0.7519058
190,88,0.44764146
190,190,1.0
191,8,0.7541435
191,43,0.5536933
191,88,0.2780201
191,190,0.9463054
191,191,1.0
192,8,0.7357452
192,43,0.53437275
192,88,0.26392713
192,190,0.9357546
192,191,0.9994796
192,192,1.0
193,170,0.19696634
193,171,0.19518273
193,193,1.0
193,314,0.8400347
193,315,0.42949617
193,316,0.3088764
193,317,0.43231374
193,318,0.31123045
194,27,0.11353172
194,194,1.0
194,288,0.47879252
194,289,0.64836144
194,292,0.7524823
194,293,0.96063644
194,294,0.98671335
194,297,0.59895825
195,32,0.23334241
195,195,1.0
195,300,0.651661
195,302,0.7517283
195,303,0.96072143
195,304,0.97321755
195,305,0.5906452
195,306,0.58243257
195,307,0.8684571
195,308,0.70404255
196,148,0.21730052
196,167,0.31986082
196,169,0.8464208
196,182,0.99715614
196,196,1.0
196,229,0.5742523
196,231,0.6611896
196,232,0.8340083
196,233,0.9457021
196,234,0.9966633
196,266,0.12950848
196,267,0.12491727
197,8,0.5283738
197,43,0.34161177
197,88,0.14128582
197,190,0.7768945
197,191,0.9309068
197,192,0.94181406
197,197,1.0
197,198,0.9999867
198,8,0.52529824
198,43,0.33903533
198,88,0.13984999
198,190,0.77404296
198,191,0.9290798
198,192,0.9401344
198,197,0.9999867
198,198,1.0
199,38,0.93830246
199,199,1.0
199,200,0.6190716
199,201,0.19275378
199,203,0.26529235
199,205,0.41998616
199,208,0.7883241
199,210,0.9956222
200,2,0.1912278
200,134,0.40236413
200,151,0.15095574
200,200,1.0
200,201,0.7048718
200,203,0.8091315
200,205,0.94416153
200,208,0.95892847
200,254,0.3240264
201,2,0.61622936
201,4,0.34075177
201,19,0.28114116
201,41,0.14907238
201,72,0.24997988
201,97,0.121977895
201,134,0.8766961
201,151,0.5402916
201,158,0.2084374
201,170,0.13475217
201,171,0.13339777
201,201,1.0
201,226,0.30441937
201,227,0.29565385
201,254,0.80090946
202,13,0.400415
202,153,0.19925
202,154,0.15964168
202,202,1.0
202,204,0.9519115
202,206,0.82110167
202,207,0.64121175
202,209,0.30530044
202,319,0.26317054
203,2,0.5052501
203,4,0.25554746
203,19,0.20601021
203,41,0.10224427
203,72,0.18075542
203,134,0.7832943
203,151,0.4328169
203,158,0.14780392
203,201,0.9828685
203,203,1.0
203,226,0.2251658
203,227,0.217924
203,254,0.69630665
204,13,0.58288205
204,153,0.33335376
204,154,0.27729076
204,202,0.9519115
204,204,1.0
204,206,0.9519232
204,207,0.82061815
204,209,0.471366
204,319,0.41843146
205,2,0.33412632
205,4,0.14532432
205,19,0.11264625
205,134,0.5997874
205,151,0.27521363
205,201,0.88333493
205,203,0.95231926
205,205,1.0
205,226,0.12508652
205,227,0.12035397
205,254,0.50848156
206,13,0.76883274
206,153,0.5053423
206,154,0.4363894
206,202,0.82110167
206,204,0.9519232
206,206,1.0
206,207,0.95163095
206,209,0.6594035
206,319,0.60281986
207,13,0.9193079
207,153,0.6947554
207,154,0.6229787
207,202,0.64121175
207,204,0.82061815
207,206,0.95163095
207,207,1.0
207,209,0.8364361
207,319,0.7874953
208,2,0.1082809
208,134,0.2610258
208,200,0.95892847
208,201,0.53051966
208,203,0.6426284
208,205,0.8207189
208,208,1.0
208,254,0.20115766
209,13,0.98258185
209,153,0.9678157
209,154,0.93203104
209,202,0.30530044
209,204,0.471366
209,206,0.6594035
209,207,0.8364361
209,209,1.0
209,319,0.9956331
210,38,0.9659435
210,200,0.6748546
210,201,0.226978
210,203,0.3071038
210,205,0.47233742
210,208,0.83665085
210,210,1.0
211,57,0.7828451
211,90,0.37502652
211,111,0.9395913
211,137,0.51102436
211,174,0.7511513
211,177,0.9534066
211,211,1.0
211,213,0.9309618
211,214,0.25937462
212,57,0.10565699
212,111,0.20751597
212,176,0.9515607
212,177,0.22417991
212,211,0.36467516
212,212,1.0
212,213,0.19838452
213,57,0.949634
213,90,0.5930131
213,111,0.99968165
213,132,0.12314532
213,137,0.73743266
213,174,0.9309618
213,177,0.997599
213,211,0.9309618
213,213,1.0
213,214,0.44950524
214,57,0.64099914
214,90,0.9710695
214,111,0.43524846
214,118,0.24198215
214,124,0.17113487
214,132,0.736533
214,137,0.88942254
214,174,0.6751585
214,177,0.41078058
214,211,0.25937462
214,213,0.44950524
214,214,1.0
214,216,0.40787408
214,253,0.5368744
215,24,0.8326519
215,175,0.6777286
215,176,0.4176766
215,212,0.26209676
215,215,1.0
216,36,0.4235149
216,105,0.6888863
216,118,0.9421194
216,124,0.8639961
216,216,1.0
216,246,0.10794236
217,2,0.889187
217,4,0.6259377
217,18,0.7785102
217,19,0.5498619
217,24,0.15154144
217,41,0.34863213
217,56,0.97170955
217,68,0.9561745
217,72,0.5068421
217,97,0.2999088
217,102,0.13908224
217,126,0.93902
217,151,0.8300861
217,158,0.44553712
217,170,0.3232858
217,171,0.3208616
217,191,0.17425774
217,202,0.16406979
217,215,0.4083863
217,217,1.0
217,226,0.5804931
217,227,0.56910396
217,254,0.26214704
218,9,0.3515447
218,25,0.9459857
218,31,0.13245893
218,40,0.967233
218,55,0.29363856
218,107,0.91262275
218,121,0.119514495
218,186,0.92665344
218,187,0.56480986
218,188,0.361002
218,218,1.0
218,219,0.5385591
218,220,0.78747404
218,222,0.614358
218,247,0.13592586
218,248,0.12891619
219,9,0.9459241
219,26,0.23268987
219,31,0.6672217
219,55,0.9024921
219,82,0.27509284
219,121,0.6367704
219,131,0.11403214
219,219,1.0
220,187,0.9311817
220,188,0.762604
220,189,0.25774664
220,220,1.0
220,221,0.10931033
220,222,0.9571866
220,224,0.18949403
220,247,0.42468664
220,248,0.14738664
221,9,0.59182906
221,31,0.2829643
221,55,0.51990265
221,84,0.92913544
221,109,0.912699
221,121,0.26080862
221,219,0.7877292
221,221,1.0
221,248,0.15042892
222,157,0.17593038
222,183,0.10911278
222,187,0.99666005
222,188,0.9075772
222,189,0.40155852
222,220,0.9571866
222,221,0.19497606
222,222,1.0
222,224,0.31111905
222,247,0.59869766
222,248,0.25169095
223,9,0.34225756
223,31,0.12762654
223,51,0.94591177
223,55,0.2852531
223,84,0.7124074
223,109,0.6863757
223,121,0.11504738
223,122,0.96881396
223,219,0.5275579
223,221,0.907546
223,223,1.0
224,156,0.6787325
224,157,0.94508326
224,183,0.8467453
224,224,1.0
225,51,0.5685375
225,61,0.94944304
225,76,0.71490335
225,103,0.60165894
225,122,0.25719982
225,178,0.71256775
225,179,0.9510793
225,221,0.18566017
225,223,0.3772868
225,225,1.0
225,249,0.86906916
226,4,0.21744885
226,19,0.17321649
226,41,0.9197052
226,72,0.99243885
226,97,0.8783432
226,99,0.105272524
226,102,0.64062136
226,149,0.11396721
226,158,0.12218329
226,160,0.36211005
226,164,0.2511851
226,191,0.12823461
226,226,1.0
226,227,0.99982274
226,313,0.3800078
227,4,0.22468002
227,19,0.17940083
227,41,0.9266676
227,72,0.99456745
227,97,0.8866502
227,99,0.10954409
227,102,0.65199083
227,149,0.11850732
227,158,0.12697028
227,160,0.37189373
227,164,0.259125
227,191,0.13319916
227,226,0.99982274
227,227,1.0
227,313,0.39002344
228,34,0.5218547
228,50,0.33362404
228,62,0.99804384
228,228,1.0
228,237,0.45587265
229,148,0.7858988
229,150,0.306588
229,165,0.22542408
229,166,0.20636806
229,167,0.9009379
229,229,1.0
229,265,0.5386293
229,266,0.6254643
229,267,0.61468965
229,269,0.17835072
229,270,0.15269463
230,110,0.9823798
230,130,0.9397208
230,142,0.13506864
230,168,0.89183384
230,181,0.6176979
230,230,1.0
230,257,0.123519845
230,321,0.5719137
230,322,0.8106929
230,323,0.64824355
230,324,0.25718334
231,148,0.7039735
231,150,0.24327417
231,165,0.17407966
231,166,0.15822472
231,167,0.83502793
231,229,0.9896984
231,231,1.0
231,265,0.45431113
231,266,0.5385825
231,267,0.52793086
231,269,0.13517424
231,270,0.11437601
232,148,0.51915944
232,150,0.1384681
232,167,0.6623876
232,169,0.99968755
232,229,0.90328926
232,231,0.95385426
232,232,1.0
232,265,0.2946632
232,266,0.36505976
232,267,0.3559074
233,148,0.36810285
233,167,0.50059724
233,169,0.970673
233,229,0.7717892
233,231,0.8470695
233,232,0.9644584
233,233,1.0
233,265,0.1867137
233,266,0.2404248
233,267,0.23328014
234,148,0.24983358
234,167,0.36068
234,169,0.8843815
234,182,0.9999802
234,196,0.9966633
234,229,0.6238073
234,231,0.7098612
234,232,0.87319815
234,233,0.9686518
234,234,1.0
234,265,0.114060014
234,266,0.15227872
234,267,0.14709389
235,88,0.19044077
235,141,0.9414313
235,142,0.2248317
235,145,0.999502
235,167,0.108682826
235,169,0.50177085
235,182,0.79741853
235,190,0.13395296
235,191,0.24674132
235,193,0.31655017
235,196,0.8365533
235,229,0.2562572
235,231,0.3214667
235,232,0.4870776
235,233,0.64826715
235,234,0.7940144
235,235,1.0
235,236,0.9586568
235,257,0.20810594
235,314,0.10862915
235,324,0.38872817
236,88,0.10754255
236,141,0.9983861
236,142,0.13046233
236,145,0.9670083
236,169,0.3419443
236,182,0.62868285
236,191,0.14546931
236,193,0.19529298
236,196,0.6741531
236,229,0.15208267
236,231,0.19891469
236,232,0.3295248
236,233,0.47414646
236,234,0.62484884
236,235,0.9586568
236,236,1.0
236,257,0.11921647
236,324,0.24993111
237,128,0.44575843
237,141,0.33503532
237,145,0.19978178
237,235,0.18868518
237,236,0.30752802
237,237,1.0
237,312,0.52988964
238,35,0.65869826
238,129,0.5041895
238,143,0.17619953
238,238,1.0
239,29,0.48988712
239,71,0.35456982
239,143,0.18297216
239,194,0.36964947
239,239,1.0
239,286,0.93199
239,290,0.8968199
239,293,0.23806968
239,294,0.45940426
239,295,0.49953932
239,296,0.67870915
239,298,0.96835506
240,33,0.8491044
240,62,0.15985678
240,94,0.21484776
240,96,0.2083797
240,106,0.14113303
240,108,0.6042888
240,123,0.75681764
240,127,0.47035012
240,228,0.17941383
240,240,1.0
241,3,0.5819595
241,28,0.9824087
241,42,0.67106426
241,59,0.6680422
241,65,0.98335755
241,87,0.5126211
241,116,0.35047334
241,136,0.14539126
241,152,0.9531762
241,161,0.95175964
241,162,0.7865378
241,163,0.78932166
241,241,1.0
241,242,0.8544007
241,243,0.21935369
241,244,0.22129975
241,245,0.99999917
241,256,0.8569946
242,3,0.8909489
242,37,0.14452313
242,42,0.94599795
242,59,0.9443864
242,78,0.14290869
242,87,0.83723605
242,116,0.67410636
242,125,0.21799825
242,136,0.3732845
242,162,0.99132645
242,163,0.9919833
242,242,1.0
242,243,0.49735653
242,244,0.5003442
242,256,0.9999853
243,37,0.734709
243,78,0.7314368
243,125,0.8530879
243,136,0.9756258
243,193,0.39785808
243,243,1.0
243,244,0.9999871
243,314,0.14998338
244,37,0.73177576
244,78,0.7284957
244,125,0.8506383
244,136,0.97451323
244,193,0.3951193
244,243,0.9999871
244,244,1.0
244,314,0.14850514
245,3,0.5827401
245,28,0.9826465
245,42,0.67183685
245,59,0.66881555
245,65,0.983589
245,87,0.5133851
245,116,0.35112792
245,136,0.14575964
245,152,0.953556
245,161,0.95214474
245,162,0.78724015
245,163,0.79002124
245,241,0.99999917
245,242,0.8550181
245,243,0.21984665
245,244,0.2217957
245,245,1.0
245,256,0.8576079
246,25,0.5462696
246,36,0.72661424
246,40,0.8782384
246,54,0.9976071
246,107,0.49023005
246,186,0.9312641
246,187,0.18560687
246,218,0.7447607
246,219,0.17114747
246,220,0.3456141
246,222,0.21493614
246,246,1.0
247,156,0.37769842
247,157,0.6948712
247,183,0.5496975
247,189,0.94387364
247,224,0.8748282
247,247,1.0
248,248,1.0
249,51,0.86668676
249,61,0.97866917
249,76,0.958961
249,84,0.23963283
249,103,0.8919338
249,109,0.22223201
249,122,0.53399885
249,219,0.13594702
249,221,0.4254686
249,223,0.68586385
249,249,1.0
250,17,0.12309609
250,45,0.123707436
250,79,0.20063746
250,133,0.85951567
250,135,0.34912664
250,250,1.0
251,80,0.8220071
251,84,0.102312505
251,93,0.929483
251,146,0.7465014
251,221,0.21542233
251,248,0.27580124
251,251,1.0
252,11,0.39421538
252,60,0.10002012
252,91,0.42527303
252,113,0.79384583
252,173,0.92622906
252,252,1.0
253,36,0.3072698
253,105,0.5528467
253,118,0.8492372
253,124,0.74567604
253,132,0.94597334
253,216,0.9747118
253,253,1.0
254,2,0.95072573
254,4,0.7254114
254,19,0.65076566
254,41,0.43799314
254,72,0.6071083
254,97,0.38313213
254,102,0.19102404
254,151,0.90632457
254,158,0.5431736
254,170,0.40962547
254,171,0.40687168
254,190,0.1261761
254,191,0.23469785
254,202,0.22217178
254,204,0.12268324
254,226,0.6812287
254,227,0.6699636
254,254,1.0
255,47,0.99950325
255,255,1.0
256,3,0.888614
256,37,0.1429858
256,42,0.944274
256,59,0.94265205
256,78,0.14139503
256,87,0.8345184
256,116,0.67085356
256,125,0.21595362
256,136,0.37044442
256,162,0.9906016
256,163,0.9912906
256,242,0.9999853
256,243,0.4941677
256,244,0.4971729
256,256,1.0
257,16,0.3038877
257,50,0.26187897
257,58,0.18265618
257,99,0.60118514
257,142,0.9990245
257,149,0.6240914
257,237,0.18405466
257,257,1.0
257,310,0.88359267
257,324,0.92416257
